
100 1300258800
110 1298509500
120 1486371400
130 1665167600
140 1552615900
150 1783024900
160 2028876200
170 2041259500
180 2194232500
190 2511400900
200 2596922300
210 2489262700
220 2623786300
230 2732791400
240 3332875000
250 3119520100
260 3111161300
270 3238947400
280 3058859900
290 3565879200
300 3442534200
310 3608173700
320 3924388200
330 3897374000
340 4160034900
350 4207555100
360 4488363000
370 4911463100
380 4937413200
390 5030325600
400 5806805700
410 5106055800
420 4851071400
430 5118562900
440 5389205500
450 5573786700
460 6020860000
470 6378879500
480 7096172400
490 5329845700
500 6093621000
510 6142764800
520 6265557400
530 6562798600
540 5959060700
550 6282889200
560 7097381200
570 6300727400
580 7112260200
590 6611188400
600 6856549100
610 7379712400
620 7123668900
630 7749671200
640 7624744100
650 7800612300
660 7683584500
670 7729827800
680 8086237300
690 8090844800
700 8292251300
710 8307526400
720 8657559500
730 8676065300
740 8692787300
750 8658664200
760 9427473500
770 9720411900
780 9575800000
790 9379739100
800 9752157400
810 10056306800
820 9756799700
830 10007452100
840 9869231200
850 10102751400
860 10517422700
870 10013347900
880 10623114300
890 10235551000
900 9969621300
910 10266749100
920 11155807000
930 10971132200
940 10932626800
950 11012830900
960 11416433100
970 11825386800
980 10819041500
990 11332663700
